0  0  1.00000000  0  1.00000000
0  1  0.00000000  0  0.00000000
0  2  0.00000000  0  0.00000000
0  3  0.00000000  0  0.00000000
0  4  0.00000000  0  0.00000000
0  5  0.00000000  0  0.00000000
0  6  0.00000000  0  0.00000000
0  7  0.00000000  0  0.00000000
0  8  0.00000000  0  0.00000000
0  9  0.00000000  0  0.00000000
0  10  0.00000000  0  0.00000000
0  11  0.00000000  0  0.00000000
0  12  0.00000000  0  0.00000000
0  13  0.00000000  0  0.00000000
0  14  0.00000000  0  0.00000000
0  15  0.00000000  0  0.00000000
0  16  0.00000000  0  0.00000000
0  17  0.00000000  0  0.00000000
0  18  0.00000000  0  0.00000000
0  19  0.00000000  0  0.00000000

1  0  0.00000000  0  1.00000000
1  1  0.70710678  0  0.00000000
1  2  0.70710678  0  0.00000000
1  3  0.00000000  0  0.00000000
1  4  0.00000000  0  0.00000000
1  5  0.00000000  0  0.00000000
1  6  0.00000000  0  0.00000000
1  7  0.00000000  0  0.00000000
1  8  0.00000000  0  0.00000000
1  9  0.00000000  0  0.00000000
1  10  0.00000000  0  0.00000000
1  11  0.00000000  0  0.00000000
1  12  0.00000000  0  0.00000000
1  13  0.00000000  0  0.00000000
1  14  0.00000000  0  0.00000000
1  15  0.00000000  0  0.00000000
1  16  0.00000000  0  0.00000000
1  17  0.00000000  0  0.00000000
1  18  0.00000000  0  0.00000000
1  19  0.00000000  0  0.00000000

2  0  0.70710678  0  0.00000000
2  1  0.50000000  0  0.70710678
2  2  0.50000000  0  0.70710678
2  3  0.00000000  0  0.00000000
2  4  0.00000000  0  0.00000000
2  5  0.00000000  0  0.00000000
2  6  0.00000000  0  0.00000000
2  7  0.00000000  0  0.00000000
2  8  0.00000000  0  0.00000000
2  9  0.00000000  0  0.00000000
2  10  0.00000000  0  0.00000000
2  11  0.00000000  0  0.00000000
2  12  0.00000000  0  0.00000000
2  13  0.00000000  0  0.00000000
2  14  0.00000000  0  0.00000000
2  15  0.00000000  0  0.00000000
2  16  0.00000000  0  0.00000000
2  17  0.00000000  0  0.00000000
2  18  0.00000000  0  0.00000000
2  19  0.00000000  0  0.00000000

3  0  0.00000000  0  0.25000000
3  1  0.50000000  0  0.70710678
3  2  0.61237244  0  0.66143783
3  3  0.50000000  0  0.00000000
3  4  0.35355339  0  0.00000000
3  5  0.00000000  0  0.00000000
3  6  0.00000000  0  0.00000000
3  7  0.00000000  0  0.00000000
3  8  0.00000000  0  0.00000000
3  9  0.00000000  0  0.00000000
3  10  0.00000000  0  0.00000000
3  11  0.00000000  0  0.00000000
3  12  0.00000000  0  0.00000000
3  13  0.00000000  0  0.00000000
3  14  0.00000000  0  0.00000000
3  15  0.00000000  0  0.00000000
3  16  0.00000000  0  0.00000000
3  17  0.00000000  0  0.00000000
3  18  0.00000000  0  0.00000000
3  19  0.00000000  0  0.00000000

4  0  0.50775240  0  0.00000000
4  1  0.49212549  0  0.17677670
4  2  0.51916399  0  0.53033009
4  3  0.36443449  0  0.68465320
4  4  0.31250000  0  0.46770717
4  5  0.00000000  0  0.00000000
4  6  0.00000000  0  0.00000000
4  7  0.00000000  0  0.00000000
4  8  0.00000000  0  0.00000000
4  9  0.00000000  0  0.00000000
4  10  0.00000000  0  0.00000000
4  11  0.00000000  0  0.00000000
4  12  0.00000000  0  0.00000000
4  13  0.00000000  0  0.00000000
4  14  0.00000000  0  0.00000000
4  15  0.00000000  0  0.00000000
4  16  0.00000000  0  0.00000000
4  17  0.00000000  0  0.00000000
4  18  0.00000000  0  0.00000000
4  19  0.00000000  0  0.00000000

5  0  0.00000000  0  0.40281753
5  1  0.35903517  0  0.17677670
5  2  0.50000000  0  0.51295473
5  3  0.50582544  0  0.61639585
5  4  0.44852188  0  0.40425441
5  5  0.33946189  0  0.00000000
5  6  0.22097087  0  0.00000000
5  7  0.00000000  0  0.00000000
5  8  0.00000000  0  0.00000000
5  9  0.00000000  0  0.00000000
5  10  0.00000000  0  0.00000000
5  11  0.00000000  0  0.00000000
5  12  0.00000000  0  0.00000000
5  13  0.00000000  0  0.00000000
5  14  0.00000000  0  0.00000000
5  15  0.00000000  0  0.00000000
5  16  0.00000000  0  0.00000000
5  17  0.00000000  0  0.00000000
5  18  0.00000000  0  0.00000000
5  19  0.00000000  0  0.00000000

6  0  0.41507432  0  0.00000000
6  1  0.34416269  0  0.28483501
6  2  0.47519575  0  0.31105624
6  3  0.46711924  0  0.38364864
6  4  0.36944342  0  0.56703898
6  5  0.28970189  0  0.52123194
6  6  0.21175065  0  0.28585104
6  7  0.00000000  0  0.00000000
6  8  0.00000000  0  0.00000000
6  9  0.00000000  0  0.00000000
6  10  0.00000000  0  0.00000000
6  11  0.00000000  0  0.00000000
6  12  0.00000000  0  0.00000000
6  13  0.00000000  0  0.00000000
6  14  0.00000000  0  0.00000000
6  15  0.00000000  0  0.00000000
6  16  0.00000000  0  0.00000000
6  17  0.00000000  0  0.00000000
6  18  0.00000000  0  0.00000000
6  19  0.00000000  0  0.00000000

7  0  0.00000000  0  0.37696604
7  1  0.29350186  0  0.28483501
7  2  0.38127067  0  0.30428365
7  3  0.41488490  0  0.36076125
7  4  0.47117480  0  0.52008684
7  5  0.42112280  0  0.46705768
7  6  0.33197562  0  0.25572486
7  7  0.25373758  0  0.00000000
7  8  0.14973032  0  0.00000000
7  9  0.00000000  0  0.00000000
7  10  0.00000000  0  0.00000000
7  11  0.00000000  0  0.00000000
7  12  0.00000000  0  0.00000000
7  13  0.00000000  0  0.00000000
7  14  0.00000000  0  0.00000000
7  15  0.00000000  0  0.00000000
7  16  0.00000000  0  0.00000000
7  17  0.00000000  0  0.00000000
7  18  0.00000000  0  0.00000000
7  19  0.00000000  0  0.00000000

8  0  0.36651520  0  0.00000000
8  1  0.28288286  0  0.26655524
8  2  0.35936309  0  0.33409159
8  3  0.39645726  0  0.29471980
8  4  0.44416352  0  0.33371936
8  5  0.37658846  0  0.44757067
8  6  0.28858658  0  0.49428393
8  7  0.23506442  0  0.37652230
8  8  0.14726207  0  0.18082478
8  9  0.00000000  0  0.00000000
8  10  0.00000000  0  0.00000000
8  11  0.00000000  0  0.00000000
8  12  0.00000000  0  0.00000000
8  13  0.00000000  0  0.00000000
8  14  0.00000000  0  0.00000000
8  15  0.00000000  0  0.00000000
8  16  0.00000000  0  0.00000000
8  17  0.00000000  0  0.00000000
8  18  0.00000000  0  0.00000000
8  19  0.00000000  0  0.00000000

9  0  0.00000000  0  0.34096540
9  1  0.25916538  0  0.26655524
9  2  0.32738059  0  0.32843372
9  3  0.32339183  0  0.28158123
9  4  0.37836503  0  0.31555805
9  5  0.42098669  0  0.41893399
9  6  0.41176455  0  0.45296613
9  7  0.33548553  0  0.34232692
9  8  0.26318956  0  0.16758758
9  9  0.19613949  0  0.00000000
9  10  0.10413001  0  0.00000000
9  11  0.00000000  0  0.00000000
9  12  0.00000000  0  0.00000000
9  13  0.00000000  0  0.00000000
9  14  0.00000000  0  0.00000000
9  15  0.00000000  0  0.00000000
9  16  0.00000000  0  0.00000000
9  17  0.00000000  0  0.00000000
9  18  0.00000000  0  0.00000000
9  19  0.00000000  0  0.00000000

10  0  0.33376575  0  0.00000000
10  1  0.25152014  0  0.24109895
10  2  0.31167345  0  0.30603031
10  3  0.30858762  0  0.29909899
10  4  0.36022689  0  0.30590578
10  5  0.40172092  0  0.29905256
10  6  0.38240020  0  0.37086559
10  7  0.30187323  0  0.43628202
10  8  0.24104730  0  0.40147605
10  9  0.18888175  0  0.26951189
10  10  0.10339628  0  0.11850231
10  11  0.00000000  0  0.00000000
10  12  0.00000000  0  0.00000000
10  13  0.00000000  0  0.00000000
10  14  0.00000000  0  0.00000000
10  15  0.00000000  0  0.00000000
10  16  0.00000000  0  0.00000000
10  17  0.00000000  0  0.00000000
10  18  0.00000000  0  0.00000000
10  19  0.00000000  0  0.00000000

11  0  0.00000000  0  0.31468065
11  1  0.23600803  0  0.24109895
11  2  0.29551815  0  0.30173876
11  3  0.28319845  0  0.28820552
11  4  0.31013438  0  0.29281334
11  5  0.33540254  0  0.28556117
11  6  0.38153841  0  0.35098483
11  7  0.39217956  0  0.40716282
11  8  0.34449772  0  0.37021051
11  9  0.27315860  0  0.25048056
11  10  0.21654112  0  0.11263038
11  11  0.15226146  0  0.00000000
11  12  0.07311221  0  0.00000000
11  13  0.00000000  0  0.00000000
11  14  0.00000000  0  0.00000000
11  15  0.00000000  0  0.00000000
11  16  0.00000000  0  0.00000000
11  17  0.00000000  0  0.00000000
11  18  0.00000000  0  0.00000000
11  19  0.00000000  0  0.00000000

12  0  0.30891504  0  0.00000000
12  1  0.23009125  0  0.22251282
12  2  0.28367029  0  0.28031466
12  3  0.27243227  0  0.27310711
12  4  0.29632778  0  0.29504975
12  5  0.32093641  0  0.29051856
12  6  0.36523362  0  0.28920998
12  7  0.37156447  0  0.31994963
12  8  0.31863973  0  0.38011308
12  9  0.25162954  0  0.38912555
12  10  0.20544057  0  0.31606671
12  11  0.14936275  0  0.19419850
12  12  0.07287998  0  0.07964170
12  13  0.00000000  0  0.00000000
12  14  0.00000000  0  0.00000000
12  15  0.00000000  0  0.00000000
12  16  0.00000000  0  0.00000000
12  17  0.00000000  0  0.00000000
12  18  0.00000000  0  0.00000000
12  19  0.00000000  0  0.00000000

13  0  0.00000000  0  0.29316512
13  1  0.21843592  0  0.22251282
13  2  0.27236968  0  0.27695072
13  3  0.25827390  0  0.26465336
13  4  0.27810805  0  0.28446754
13  5  0.28463090  0  0.27986081
13  6  0.30887727  0  0.27752416
13  7  0.34379920  0  0.30551254
13  8  0.36841264  0  0.35924175
13  9  0.34611518  0  0.36358512
13  10  0.28709641  0  0.29518638
13  11  0.22969899  0  0.18411922
13  12  0.17960381  0  0.07690300
13  13  0.11751749  0  0.00000000
13  14  0.05153393  0  0.00000000
13  15  0.00000000  0  0.00000000
13  16  0.00000000  0  0.00000000
13  17  0.00000000  0  0.00000000
13  18  0.00000000  0  0.00000000
13  19  0.00000000  0  0.00000000

14  0  0.28899987  0  0.00000000
14  1  0.21369097  0  0.20729904
14  2  0.26298433  0  0.26024771
14  3  0.24999168  0  0.25121073
14  4  0.26771110  0  0.27087184
14  5  0.27367796  0  0.27473913
14  6  0.29632554  0  0.28217357
14  7  0.33017777  0  0.27869493
14  8  0.35237301  0  0.29185404
14  9  0.32630489  0  0.33346105
14  10  0.26768960  0  0.36141996
14  11  0.21673842  0  0.33115641
14  12  0.17408442  0  0.24600293
14  13  0.11634190  0  0.14109210
14  14  0.05145767  0  0.05437863
14  15  0.00000000  0  0.00000000
14  16  0.00000000  0  0.00000000
14  17  0.00000000  0  0.00000000
14  18  0.00000000  0  0.00000000
14  19  0.00000000  0  0.00000000

15  0  0.00000000  0  0.27529123
15  1  0.20435377  0  0.20729904
15  2  0.25415031  0  0.25751636
15  3  0.23960863  0  0.24444025
15  4  0.25657026  0  0.26247994
15  5  0.25900297  0  0.26613980
15  6  0.27071097  0  0.27263642
15  7  0.28522662  0  0.26873714
15  8  0.31370861  0  0.28034410
15  9  0.34145578  0  0.31812190
15  10  0.33958918  0  0.34144096
15  11  0.29843978  0  0.31136515
15  12  0.24355006  0  0.23309430
15  13  0.19657178  0  0.13575733
15  14  0.14805544  0  0.05303022
15  15  0.08995368  0  0.00000000
15  16  0.03638607  0  0.00000000
15  17  0.00000000  0  0.00000000
15  18  0.00000000  0  0.00000000
15  19  0.00000000  0  0.00000000

16  0  0.27249520  0  0.00000000
16  1  0.20044463  0  0.19466029
16  2  0.24648923  0  0.24367822
16  3  0.23297011  0  0.23376010
16  4  0.24835248  0  0.25106345
16  5  0.25053455  0  0.25362053
16  6  0.26108343  0  0.26431620
16  7  0.27468071  0  0.26940769
16  8  0.30199645  0  0.27069380
16  9  0.32832953  0  0.27460196
16  10  0.32396573  0  0.29982859
16  11  0.28172276  0  0.32998748
16  12  0.23018186  0  0.32674928
16  13  0.18899121  0  0.27502837
16  14  0.14533724  0  0.19073935
16  15  0.08947470  0  0.10305886
16  16  0.03636048  0  0.03749803
16  17  0.00000000  0  0.00000000
16  18  0.00000000  0  0.00000000
16  19  0.00000000  0  0.00000000

17  0  0.00000000  0  0.26027200
17  1  0.19268321  0  0.19466029
17  2  0.23919833  0  0.24140588
17  3  0.22464972  0  0.22818011
17  4  0.23982495  0  0.24421110
17  5  0.24078416  0  0.24667883
17  6  0.24944590  0  0.25657106
17  7  0.25586336  0  0.26118654
17  8  0.26796833  0  0.26191012
17  9  0.28866187  0  0.26501059
17  10  0.31543790  0  0.28796560
17  11  0.32615493  0  0.31454344
17  12  0.30357990  0  0.30947503
17  13  0.25724638  0  0.26102077
17  14  0.21059602  0  0.18303345
17  15  0.16858320  0  0.10017071
17  16  0.12068272  0  0.03680952
17  17  0.06829278  0  0.00000000
17  18  0.02571074  0  0.00000000
17  19  0.00000000  0  0.00000000

18  0  0.25850319  0  0.00000000
18  1  0.18939193  0  0.18404009
18  2  0.23279577  0  0.22981965
18  3  0.21918207  0  0.21928227
18  4  0.23311534  0  0.23488610
18  5  0.23396334  0  0.23633157
18  6  0.24181529  0  0.24544806
18  7  0.24762768  0  0.25167355
18  8  0.25883250  0  0.25888908
18  9  0.27861364  0  0.26154858
18  10  0.30429316  0  0.26346491
18  11  0.31341819  0  0.27672622
18  12  0.28944861  0  0.30154748
18  13  0.24440353  0  0.31201953
18  14  0.20178205  0  0.28627490
18  15  0.16424395  0  0.22542525
18  16  0.11936200  0  0.14753883
18  17  0.06809805  0  0.07546228
18  18  0.02571074  0  0.00000000
18  19  0.00000000  0  0.02602826

19  0  0.00000000  0  0.24742774
19  1  0.18278936  0  0.18404009
19  2  0.22659788  0  0.22789188
19  3  0.21220647  0  0.21458546
19  4  0.22609141  0  0.22915675
19  5  0.22625599  0  0.23058085
19  6  0.23353973  0  0.23908777
19  7  0.23792171  0  0.24493070
19  8  0.24473874  0  0.25159254
19  9  0.25329205  0  0.25381643
19  10  0.26890502  0  0.25516316
19  11  0.29173609  0  0.26711844
19  12  0.30888937  0  0.28943690
19  13  0.30167156  0  0.29760492
19  14  0.26787458  0  0.27260689
19  15  0.22410833  0  0.21605793
19  16  0.18397292  0  0.14296881
19  17  0.14356769  0  0.07385921
19  18  0.11145416  0  0.00000000
19  19  0.00000000  0  0.02602826

20  0  0.24617674  0  0.00000000
20  1  0.17997000  0  0.17495783
20  2  0.22114542  0  0.21804958
20  3  0.20760445  0  0.20712975
20  4  0.22048366  0  0.22133869
20  5  0.22061063  0  0.22199069
20  6  0.22728585  0  0.22986990
20  7  0.23126611  0  0.23487283
20  8  0.23746254  0  0.24202687
20  9  0.24536079  0  0.24828396
20  10  0.26017714  0  0.25270693
20  11  0.28213074  0  0.25449069
20  12  0.29816542  0  0.26120921
20  13  0.28973618  0  0.27850133
20  14  0.25607308  0  0.29354932
20  15  0.21478867  0  0.28537975
20  16  0.17832113  0  0.24596295
20  17  0.14113802  0  0.18319540
20  18  0.11145416  0  0.00000000
20  19  0.00000000  0  0.12787765

21  0  0.00000000  0  0.23485636
21  1  0.17407324  0  0.17495783
21  2  0.21562953  0  0.21639147
21  3  0.20161163  0  0.20311406
21  4  0.21448182  0  0.21646294
21  5  0.21414090  0  0.21712859
21  6  0.22054715  0  0.22452897
21  7  0.22397311  0  0.22925697
21  8  0.22928462  0  0.23597278
21  9  0.23438481  0  0.24182301
21  10  0.24144397  0  0.24582114
21  11  0.25287750  0  0.24718164
21  12  0.27137603  0  0.25310065
21  13  0.29025883  0  0.26875075
21  14  0.29398101  0  0.28172362
21  15  0.27342318  0  0.27293146
21  16  0.23633408  0  0.23584339
21  17  0.19739883  0  0.17711244
21  18  0.21963876  0  0.00000000
21  19  0.00000000  0  0.12787765

22  0  0.23265207  0  0.00000000
22  1  0.17165610  0  0.16606852
22  2  0.21095535  0  0.20708422
22  3  0.19767012  0  0.19676828
22  4  0.20970572  0  0.20985780
22  5  0.20937070  0  0.20989464
22  6  0.21530186  0  0.21679602
22  7  0.21844222  0  0.22085978
22  8  0.22330415  0  0.22690528
22  9  0.22795402  0  0.23263911
22  10  0.23445182  0  0.23891580
22  11  0.24524513  0  0.24383027
22  12  0.26300196  0  0.24650233
22  13  0.28103000  0  0.25015865
22  14  0.28378786  0  0.26104301
22  15  0.26285660  0  0.27531361
22  16  0.22706160  0  0.27736238
22  17  0.19086979  0  0.25506243
22  18  0.21963876  0  0.00000000
22  19  0.00000000  0  0.27483188

23  0  0.00000000  0  0.21660976
23  1  0.16450986  0  0.16606852
23  2  0.20444168  0  0.20567835
23  3  0.19231222  0  0.19335125
23  4  0.20442069  0  0.20568310
23  5  0.20377680  0  0.20571968
23  6  0.20953828  0  0.21223252
23  7  0.21235699  0  0.21609121
23  8  0.21687773  0  0.22179909
23  9  0.22088656  0  0.22721759
23  10  0.22564106  0  0.23312191
23  11  0.23122575  0  0.23767481
23  12  0.23990918  0  0.23998371
23  13  0.25427860  0  0.24311626
23  14  0.27216530  0  0.25294152
23  15  0.28241230  0  0.26559334
23  16  0.27352252  0  0.26648227
23  17  0.24561206  0  0.24500792
23  18  0.33234161  0  0.00000000
23  19  0.00000000  0  0.27483188

24  0  0.21433049  0  0.00000000
24  1  0.16256872  0  0.15316623
24  2  0.20059790  0  0.19300070
24  3  0.18892254  0  0.18692557
24  4  0.20030681  0  0.19960998
24  5  0.19967578  0  0.19961243
24  6  0.20505726  0  0.20570139
24  7  0.20766716  0  0.20900147
24  8  0.21184536  0  0.21417056
24  9  0.21552631  0  0.21896375
24  10  0.21988009  0  0.22452469
24  11  0.22501641  0  0.23018869
24  12  0.23316685  0  0.23540937
24  13  0.24692000  0  0.23883205
24  14  0.26410570  0  0.24155506
24  15  0.27358414  0  0.24807754
24  16  0.26416391  0  0.25934459
24  17  0.23676081  0  0.26603818
24  18  0.33234161  0  0.00000000
24  19  0.00000000  0  0.41360349

25  0  0.00000000  0  0.19159180
25  1  0.15155455  0  0.15316623
25  2  0.19021849  0  0.19188926
25  3  0.18257615  0  0.18414057
25  4  0.19484769  0  0.19611022
25  5  0.19469790  0  0.19602207
25  6  0.19999154  0  0.20176188
25  7  0.20238441  0  0.20489053
25  8  0.20636634  0  0.20979118
25  9  0.20976666  0  0.21434155
25  10  0.21369376  0  0.21961056
25  11  0.21771408  0  0.22496943
25  12  0.22246307  0  0.22986707
25  13  0.22912787  0  0.23297517
25  14  0.24014190  0  0.23531546
25  15  0.25565729  0  0.24114823
25  16  0.26888669  0  0.25124129
25  17  0.26891528  0  0.25671921
25  18  0.44877379  0  0.00000000
25  19  0.00000000  0  0.41360349

26  0  0.19143641  0  0.00000000
26  1  0.15015731  0  0.13547586
26  2  0.18733541  0  0.17344641
26  3  0.17980362  0  0.17361074
26  4  0.19137132  0  0.18805483
26  5  0.19114302  0  0.19021957
26  6  0.19610984  0  0.19606615
26  7  0.19834020  0  0.19891268
26  8  0.20205530  0  0.20333222
26  9  0.20520753  0  0.20735533
26  10  0.20883278  0  0.21207857
26  11  0.21252669  0  0.21699205
26  12  0.21689636  0  0.22230614
26  13  0.22312337  0  0.22743143
26  14  0.23362263  0  0.23142634
26  15  0.24855025  0  0.23414824
26  16  0.26114381  0  0.23824970
26  17  0.26063463  0  0.24624647
26  18  0.44877379  0  0.00000000
26  19  0.00000000  0  0.51820236

27  0  0.00000000  0  0.16823791
27  1  0.13536598  0  0.13547586
27  2  0.17203941  0  0.17265002
27  3  0.16976715  0  0.17151821
27  4  0.18360814  0  0.18528801
27  5  0.18567757  0  0.18722221
27  6  0.19125720  0  0.19269482
27  7  0.19364236  0  0.19534726
27  8  0.19722818  0  0.19953115
27  9  0.20020637  0  0.20335648
27  10  0.20363751  0  0.20784882
27  11  0.20702809  0  0.21252204
27  12  0.21068783  0  0.21756896
27  13  0.21472264  0  0.22241527
27  14  0.22003190  0  0.22612999
27  15  0.22843333  0  0.22854836
27  16  0.24120195  0  0.23218066
27  17  0.25492481  0  0.23935612
27  18  0.55084151  0  0.00000000
27  19  0.00000000  0  0.51820236

28  0  0.16853247  0  0.00000000
28  1  0.13440472  0  0.11896217
28  2  0.17002083  0  0.15273785
28  3  0.16771063  0  0.15518012
28  4  0.18086909  0  0.17208505
28  5  0.18269436  0  0.17853591
28  6  0.18791038  0  0.18625762
28  7  0.19011580  0  0.18997822
28  8  0.19348014  0  0.19402557
28  9  0.19626489  0  0.19745029
28  10  0.19946258  0  0.20145289
28  11  0.20260452  0  0.20561492
28  12  0.20598080  0  0.21019841
28  13  0.20969830  0  0.21506031
28  14  0.21464082  0  0.22000546
28  15  0.22261392  0  0.22428032
28  16  0.23488605  0  0.22734239
28  17  0.24806802  0  0.23037167
28  18  0.55084151  0  0.00000000
28  19  0.00000000  0  0.59395200

29  0  0.00000000  0  0.14967558
29  1  0.11917045  0  0.11896217
29  2  0.15242674  0  0.15219461
29  3  0.15325095  0  0.15372095
29  4  0.16886968  0  0.17006323
29  5  0.17441399  0  0.17619953
29  6  0.18178402  0  0.18349272
29  7  0.18532073  0  0.18693965
29  8  0.18901631  0  0.19072876
29  9  0.19180535  0  0.19396057
29  10  0.19487749  0  0.19776701
29  11  0.19787019  0  0.20173503
29  12  0.20103969  0  0.20610542
29  13  0.20429963  0  0.21073882
29  14  0.20784786  0  0.21543942
29  15  0.21218395  0  0.21946611
29  16  0.21866371  0  0.22227165
29  17  0.22883227  0  0.22496146
29  18  0.62653798  0  0.00000000
29  19  0.00000000  0  0.59395200

30  0  0.14873227  0  0.00000000
30  1  0.11850113  0  0.10583662
30  2  0.15102733  0  0.13519389
30  3  0.15181458  0  0.13659282
30  4  0.16688249  0  0.15295968
30  5  0.17210730  0  0.16209817
30  6  0.17903798  0  0.17315856
30  7  0.18229777  0  0.17988309
30  8  0.18574563  0  0.18522420
30  9  0.18835423  0  0.18884371
30  10  0.19123837  0  0.19235145
30  11  0.19403730  0  0.19587304
30  12  0.19698767  0  0.19976087
30  13  0.20000629  0  0.20393193
30  14  0.20328274  0  0.20843500
30  15  0.20731007  0  0.21310208
30  16  0.21343082  0  0.21746209
30  17  0.22318068  0  0.22087333
30  18  0.62653798  0  0.00000000
30  19  0.00000000  0  0.65428509

31  0  0.00000000  0  0.13379284
31  1  0.10516960  0  0.10583662
31  2  0.13446897  0  0.13481954
31  3  0.13574199  0  0.13559400
31  4  0.15142147  0  0.15155720
31  5  0.15952654  0  0.16041355
31  6  0.16951503  0  0.17105151
31  7  0.17560684  0  0.17742966
31  8  0.18067523  0  0.18244476
31  9  0.18402977  0  0.18582253
31  10  0.18705447  0  0.18912606
31  11  0.18980178  0  0.19247173
31  12  0.19264292  0  0.19618236
31  13  0.19551805  0  0.20016852
31  14  0.19850272  0  0.20447151
31  15  0.20165117  0  0.20892534
31  16  0.20530628  0  0.21306477
31  17  0.21039270  0  0.21625215
31  18  0.68200866  0  0.00000000
31  19  0.00000000  0  0.65428509

32  0  0.13208180  0  0.00000000
32  1  0.10469789  0  0.09460583
32  2  0.13348706  0  0.12062735
32  3  0.13474135  0  0.12119756
32  4  0.15003101  0  0.13520733
32  5  0.15786860  0  0.14379728
32  6  0.16743837  0  0.15604821
32  7  0.17317581  0  0.16581786
32  8  0.17791053  0  0.17426977
32  9  0.18102547  0  0.17995468
32  10  0.18385580  0  0.18414139
32  11  0.18643623  0  0.18748157
32  12  0.18910363  0  0.19080623
32  13  0.19179051  0  0.19433590
32  14  0.19456532  0  0.19818546
32  15  0.19748044  0  0.20233145
32  16  0.20087211  0  0.20671042
32  17  0.20565570  0  0.21100521
32  18  0.68200866  0  0.00000000
32  19  0.00000000  0  0.70537385

33  0  0.00000000  0  0.11932943
33  1  0.09339593  0  0.09460583
33  2  0.11917896  0  0.12036401
33  3  0.11995925  0  0.12050090
33  4  0.13411567  0  0.13423732
33  5  0.14259126  0  0.14262859
33  6  0.15399968  0  0.15454607
33  7  0.16272385  0  0.16398170
33  8  0.17033125  0  0.17206901
33  9  0.17555913  0  0.17744062
33  10  0.17947476  0  0.18136600
33  11  0.18244612  0  0.18450358
33  12  0.18515051  0  0.18765588
33  13  0.18777467  0  0.19102501
33  14  0.19045181  0  0.19470952
33  15  0.19318290  0  0.19868026
33  16  0.19602830  0  0.20287175
33  17  0.19918349  0  0.20697090
33  18  0.72636415  0  0.00000000
33  19  0.00000000  0  0.70537385

34  0  0.11761616  0  0.00000000
34  1  0.09306286  0  0.08437865
34  2  0.11848601  0  0.10767956
34  3  0.11925428  0  0.10825377
34  4  0.13313951  0  0.12043248
34  5  0.14142652  0  0.12755416
34  6  0.15251557  0  0.13849652
34  7  0.16091458  0  0.14870676
34  8  0.16815523  0  0.15933375
34  9  0.17306169  0  0.16807400
34  10  0.17671234  0  0.17477545
34  11  0.17948569  0  0.17941405
34  12  0.18202587  0  0.18294152
34  13  0.18449488  0  0.18608640
34  14  0.18700654  0  0.18934794
34  15  0.18955553  0  0.19287607
34  16  0.19219844  0  0.19670491
34  17  0.19512711  0  0.20078694
34  18  0.72636415  0  0.00000000
34  19  0.00000000  0  0.74897776

35  0  0.00000000  0  0.10603790
35  1  0.08316719  0  0.08437865
35  2  0.10605248  0  0.10749320
35  3  0.10653551  0  0.10776107
35  4  0.11887077  0  0.11975019
35  5  0.12638773  0  0.12673903
35  6  0.13734553  0  0.13745024
35  7  0.14707559  0  0.14740593
35  8  0.15677133  0  0.15771244
35  9  0.16457473  0  0.16612105
35  10  0.17062610  0  0.17250337
35  11  0.17489654  0  0.17687540
35  12  0.17810441  0  0.18019033
35  13  0.18076024  0  0.18316470
35  14  0.18326453  0  0.18627471
35  15  0.18575496  0  0.18965416
35  16  0.18828535  0  0.19332747
35  17  0.19088156  0  0.19724411
35  18  0.76429680  0  0.00000000
35  19  0.00000000  0  0.74897776

36  0  0.10459323  0  0.00000000
36  1  0.08293307  0  0.07498012
36  2  0.10556448  0  0.09582221
36  3  0.10603697  0  0.09662956
36  4  0.11818029  0  0.10762722
36  5  0.12556503  0  0.11391347
36  6  0.13629761  0  0.12329414
36  7  0.14578466  0  0.13220316
36  8  0.15517111  0  0.14251505
36  9  0.16264606  0  0.15264620
36  10  0.16837306  0  0.16197132
36  11  0.17237056  0  0.16934228
36  12  0.17536537  0  0.17470306
36  13  0.17785589  0  0.17854056
36  14  0.18021447  0  0.18168361
36  15  0.18255812  0  0.18472625
36  16  0.18492905  0  0.18797203
36  17  0.18734885  0  0.19149962
36  18  0.76429680  0  0.00000000
36  19  0.00000000  0  0.78648629

37  0  0.00000000  0  0.09375007
37  1  0.07395858  0  0.07498012
37  2  0.09438654  0  0.09569109
37  3  0.09492564  0  0.09628158
37  4  0.10580099  0  0.10714397
37  5  0.11227293  0  0.11333661
37  6  0.12192858  0  0.12255837
37  7  0.13104124  0  0.13129206
37  8  0.14112088  0  0.14136895
37  9  0.15055105  0  0.15122428
37  10  0.15895253  0  0.16023783
37  11  0.16553433  0  0.16730076
37  12  0.17038353  0  0.17238742
37  13  0.17387442  0  0.17600368
37  14  0.17661502  0  0.17897159
37  15  0.17903906  0  0.18186742
37  16  0.18139008  0  0.18497594
37  17  0.18374741  0  0.18836412
37  18  0.79771459  0  0.00000000
37  19  0.00000000  0  0.78648629

38  0  0.09259135  0  0.00000000
38  1  0.07379590  0  0.06629131
38  2  0.09404587  0  0.08488549
38  3  0.09457427  0  0.08596163
38  4  0.10531246  0  0.09598679
38  5  0.11168899  0  0.10185768
38  6  0.12118483  0  0.11028377
38  7  0.13012515  0  0.11803758
38  8  0.13997818  0  0.12700031
38  9  0.14914349  0  0.13642358
38  10  0.15724037  0  0.14637958
38  11  0.16351303  0  0.15579625
38  12  0.16808205  0  0.16380737
38  13  0.17134761  0  0.16986313
38  14  0.17391447  0  0.17420493
38  15  0.17619626  0  0.17749384
38  16  0.17841323  0  0.18042532
38  17  0.18062978  0  0.18342827
38  18  0.79771459  0  0.00000000
38  19  0.00000000  0  0.81923731

39  0  0.00000000  0  0.08223213
39  1  0.06547197  0  0.06629131
39  2  0.08372274  0  0.08479448
39  3  0.08452946  0  0.08571852
39  4  0.09431044  0  0.09564652
39  5  0.10008748  0  0.10144842
39  6  0.10854756  0  0.10976111
39  7  0.11653367  0  0.11739251
39  8  0.12573448  0  0.12619248
39  9  0.13514149  0  0.13541752
39  10  0.14463345  0  0.14512735
39  11  0.15324542  0  0.15426260
39  12  0.16040736  0  0.16197878
39  13  0.16581328  0  0.16776018
39  14  0.16972269  0  0.17187131
39  15  0.17263582  0  0.17497779
39  16  0.17505909  0  0.17776203
39  17  0.17730821  0  0.18063499
39  18  0.82758161  0  0.00000000
39  19  0.00000000  0  0.81923731

40  0  0.08131671  0  0.00000000
40  1  0.06536120  0  0.05814690
40  2  0.08348889  0  0.07468822
40  3  0.08428430  0  0.07610730
40  4  0.09396705  0  0.08525775
40  5  0.09967387  0  0.09081829
40  6  0.10801873  0  0.09859016
40  7  0.11588103  0  0.10568652
40  8  0.12491996  0  0.11364089
40  9  0.13413412  0  0.12187195
40  10  0.14338923  0  0.13088630
40  11  0.15172845  0  0.14035642
40  12  0.15859824  0  0.14976464
40  13  0.16372606  0  0.15816775
40  14  0.16739938  0  0.16489482
40  15  0.17012805  0  0.16982818
40  16  0.17240623  0  0.17343150
40  17  0.17452855  0  0.17637540
40  18  0.82758161  0  0.00000000
40  19  0.00000000  0  0.84827970

41  0  0.00000000  0  0.07125471
41  1  0.05749960  0  0.05814690
41  2  0.07377159  0  0.07462646
41  3  0.07497493  0  0.07594066
41  4  0.08388754  0  0.08502161
41  5  0.08925707  0  0.09053043
41  6  0.09686249  0  0.09821965
41  7  0.10393009  0  0.10522713
41  8  0.11201888  0  0.11306601
41  9  0.12048529  0  0.12115844
41  10  0.12960895  0  0.12999767
41  11  0.13883882  0  0.13925327
41  12  0.14761774  0  0.14840782
41  13  0.15520136  0  0.15653545
41  14  0.16118254  0  0.16299256
41  15  0.16557291  0  0.16768900
41  16  0.16876923  0  0.17110078
41  17  0.17127093  0  0.17389320
41  18  0.85452530  0  0.00000000
41  19  0.00000000  0  0.84827970

42  0  0.07052935  0  0.00000000
42  1  0.05742657  0  0.05038469
42  2  0.07361543  0  0.06503190
42  3  0.07480699  0  0.06689608
42  4  0.08364946  0  0.07528643
42  5  0.08896661  0  0.08060911
42  6  0.09648826  0  0.08781923
42  7  0.10346545  0  0.09445332
42  8  0.11143712  0  0.10178371
42  9  0.11976454  0  0.10921692
42  10  0.12871600  0  0.11718210
42  11  0.13773836  0  0.12565581
42  12  0.14627231  0  0.13470499
42  13  0.15358598  0  0.14390336
42  14  0.15929663  0  0.15252578
42  15  0.16344529  0  0.15979662
42  16  0.16644590  0  0.16535746
42  17  0.16879551  0  0.16940348
42  18  0.85452530  0  0.00000000
42  19  0.00000000  0  0.87433119

43  0  0.00000000  0  0.06067587
43  1  0.04987178  0  0.05038469
43  2  0.06431252  0  0.06499145
43  3  0.06601910  0  0.06678522
43  4  0.07421360  0  0.07512638
43  5  0.07935149  0  0.08041004
43  6  0.08634897  0  0.08755968
43  7  0.09280367  0  0.09412801
43  8  0.10003770  0  0.10137401
43  9  0.10752518  0  0.10870732
43  10  0.11567579  0  0.11654851
43  11  0.12432086  0  0.12486980
43  12  0.13330354  0  0.13373035
43  13  0.14206943  0  0.14270304
43  14  0.14997374  0  0.15107162
43  15  0.15646736  0  0.15808257
43  16  0.16138429  0  0.16340404
43  17  0.16495242  0  0.16724993
43  18  0.87895252  0  0.00000000
43  19  0.00000000  0  0.87433119

44  0  0.06010885  0  0.00000000
44  1  0.04982586  0  0.04290432
44  2  0.06421243  0  0.05576817
44  3  0.06590739  0  0.05814854
44  4  0.07405230  0  0.06589444
44  5  0.07915079  0  0.07107826
44  6  0.08608716  0  0.07781307
44  7  0.09247520  0  0.08406091
44  8  0.09962352  0  0.09090319
44  9  0.10700952  0  0.09781812
44  10  0.11503508  0  0.10510464
44  11  0.12352887  0  0.11269613
44  12  0.13232765  0  0.12078084
44  13  0.14087542  0  0.12937596
44  14  0.14853277  0  0.13828949
44  15  0.15476881  0  0.14694692
44  16  0.15944356  0  0.15461684
44  17  0.16280683  0  0.16076532
44  18  0.87895252  0  0.00000000
44  19  0.00000000  0  0.89765139

45  0  0.00000000  0  0.05058178
45  1  0.04250338  0  0.04290432
45  2  0.05520729  0  0.05574298
45  3  0.05747109  0  0.05807793
45  4  0.06506543  0  0.06578973
45  5  0.07009824  0  0.07094421
45  6  0.07664395  0  0.07763492
45  7  0.08269174  0  0.08383389
45  8  0.08933829  0  0.09061383
45  9  0.09611584  0  0.09745505
45  10  0.10338250  0  0.10465120
45  11  0.11109479  0  0.11213333
45  12  0.11935755  0  0.12008343
45  13  0.12800388  0  0.12851311
45  14  0.13666838  0  0.13722641
45  15  0.14475474  0  0.14565311
45  16  0.15168284  0  0.15307722
45  17  0.15712357  0  0.15898863
45  18  0.90098542  0  0.00000000
45  19  0.00000000  0  0.89765139

46  0  0.05018188  0  0.00000000
46  1  0.04247618  0  0.03576672
46  2  0.05514654  0  0.04690041
46  3  0.05739995  0  0.04973962
46  4  0.06495993  0  0.05692243
46  5  0.06996315  0  0.06205375
46  6  0.07646437  0  0.06841553
46  7  0.08246277  0  0.07436485
46  8  0.08904623  0  0.08079388
46  9  0.09574896  0  0.08728971
46  10  0.10292380  0  0.09409664
46  11  0.11052538  0  0.10111716
46  12  0.11865348  0  0.10845680
46  13  0.12713712  0  0.11617640
46  14  0.13560728  0  0.12436971
46  15  0.14346988  0  0.13294116
46  16  0.15015659  0  0.14150250
46  17  0.15535988  0  0.14941129
46  18  0.90098542  0  0.00000000
46  19  0.00000000  0  0.91802599

47  0  0.00000000  0  0.04133183
47  1  0.03548394  0  0.03576672
47  2  0.04648896  0  0.04688565
47  3  0.04922076  0  0.04969707
47  4  0.05628452  0  0.05685716
47  5  0.06129660  0  0.06196696
47  6  0.06750791  0  0.06829698
47  7  0.07328589  0  0.07421011
47  8  0.07952015  0  0.08059310
47  9  0.08581766  0  0.08703414
47  10  0.09245835  0  0.09377408
47  11  0.09940114  0  0.10071408
47  12  0.10679225  0  0.10795596
47  13  0.11466148  0  0.11555654
47  14  0.12296848  0  0.12360398
47  15  0.13144044  0  0.13199831
47  16  0.13959395  0  0.14035173
47  17  0.14685130  0  0.14803171
47  18  0.92042648  0  0.00000000
47  19  0.00000000  0  0.91802599

48  0  0.04110362  0  0.00000000
48  1  0.03546879  0  0.02922602
48  2  0.04645422  0  0.03864957
48  3  0.04917795  0  0.04169846
48  4  0.05621880  0  0.04831182
48  5  0.06120915  0  0.05339727
48  6  0.06738844  0  0.05946697
48  7  0.07312991  0  0.06520882
48  8  0.07931768  0  0.07131486
48  9  0.08555976  0  0.07746737
48  10  0.09213255  0  0.08387547
48  11  0.09899354  0  0.09046690
48  12  0.10628547  0  0.09730597
48  13  0.11403492  0  0.10439783
48  14  0.12219727  0  0.11182084
48  15  0.13049623  0  0.11964794
48  16  0.13844801  0  0.12787004
48  17  0.14548206  0  0.13623906
48  18  0.92042648  0  0.00000000
48  19  0.00000000  0  0.93516544

49  0  0.00000000  0  0.03331710
49  1  0.02906465  0  0.02922602
49  2  0.03838973  0  0.03864141
49  3  0.04132814  0  0.04167428
49  4  0.04783548  0  0.04827337
49  5  0.05281583  0  0.05334389
49  6  0.05876697  0  0.05939143
49  7  0.06437298  0  0.06510697
49  8  0.07031779  0  0.07117928
49  9  0.07628656  0  0.07729116
49  10  0.08249778  0  0.08364945
49  11  0.08890692  0  0.09018090
49  12  0.09562460  0  0.09694746
49  13  0.10270424  0  0.10395192
49  14  0.11022832  0  0.11126898
49  15  0.11818658  0  0.11896704
49  16  0.12641487  0  0.12703236
49  17  0.13453088  0  0.13521516
49  18  0.93698125  0  0.00000000
49  19  0.00000000  0  0.93516544

50  0  0.03321122  0  0.00000000
50  1  0.02905658  0  0.02355875
50  2  0.03837087  0  0.03133839
50  3  0.04130388  0  0.03425871
50  4  0.04779684  0  0.04018646
50  5  0.05276211  0  0.04509470
50  6  0.05869088  0  0.05087184
50  7  0.06427034  0  0.05644871
50  8  0.07018114  0  0.06231476
50  9  0.07610888  0  0.06821073
50  10  0.08226976  0  0.07429809
50  11  0.08861814  0  0.08053308
50  12  0.09526222  0  0.08697651
50  13  0.10225311  0  0.09362533
50  14  0.10967012  0  0.10051073
50  15  0.11749949  0  0.10767263
50  16  0.12557350  0  0.11518234
50  17  0.13350825  0  0.12306579
50  18  0.93698125  0  0.00000000
50  19  0.00000000  0  0.94915023

51  0  0.00000000  0  0.02666099
51  1  0.02348388  0  0.02355875
51  2  0.03120313  0  0.03133407
51  3  0.03403387  0  0.03424565
51  4  0.03986436  0  0.04016504
51  5  0.04466849  0  0.04506371
51  6  0.05034073  0  0.05082624
51  7  0.05580528  0  0.05638475
51  8  0.06154387  0  0.06222671
51  9  0.06729067  0  0.06809293
51  10  0.07320503  0  0.07414347
51  11  0.07924921  0  0.08033377
51  12  0.08550289  0  0.08672305
51  13  0.09200018  0  0.09330667
51  14  0.09881950  0  0.10011356
51  15  0.10602649  0  0.10718080
51  16  0.11365225  0  0.11457584
51  17  0.12160353  0  0.12232026
51  18  0.95060122  0  0.00000000
51  19  0.00000000  0  0.94915023

52  0  0.02660346  0  0.00000000
52  1  0.02347971  0  0.01885217
52  2  0.03119325  0  0.02515773
52  3  0.03402079  0  0.02772038
52  4  0.03984288  0  0.03282216
52  5  0.04463737  0  0.03732288
52  6  0.05029484  0  0.04268471
52  7  0.05574087  0  0.04803147
52  8  0.06145514  0  0.05367749
52  9  0.06717194  0  0.05937762
52  10  0.07304914  0  0.06522580
52  11  0.07904818  0  0.07118252
52  12  0.08524705  0  0.07730061
52  13  0.09167820  0  0.08358948
52  14  0.09841780  0  0.09007503
52  15  0.10552888  0  0.09676998
52  16  0.11303942  0  0.10370740
52  17  0.12085288  0  0.11093996
52  18  0.95060122  0  0.00000000
52  19  0.00000000  0  0.96042293

53  0  0.00000000  0  0.02121321
53  1  0.01881149  0  0.01885217
53  2  0.02509024  0  0.02515551
53  3  0.02760720  0  0.02771356
53  4  0.03263765  0  0.03281074
53  5  0.03704638  0  0.03730583
53  6  0.04230809  0  0.04265869
53  7  0.04755032  0  0.04799348
53  8  0.05308774  0  0.05362310
53  9  0.05866762  0  0.05930217
53  10  0.06437703  0  0.06512364
53  11  0.07017210  0  0.07104739
53  12  0.07610779  0  0.07712516
53  13  0.08220607  0  0.08336523
53  14  0.08852105  0  0.08979197
53  15  0.09510772  0  0.09641628
53  16  0.10203531  0  0.10326879
53  17  0.10934865  0  0.11039901
53  18  0.96158049  0  0.00000000
53  19  0.00000000  0  0.96042293

54  0  0.02116167  0  0.00000000
54  1  0.01880937  0  0.01500000
54  2  0.02508519  0  0.02006744
54  3  0.02760038  0  0.02222840
54  4  0.03262622  0  0.02646546
54  5  0.03702930  0  0.03036928
54  6  0.04228198  0  0.03513025
54  7  0.04751213  0  0.04007174
54  8  0.05303299  0  0.04540451
54  9  0.05859162  0  0.05088620
54  10  0.06427407  0  0.05653399
54  11  0.07003587  0  0.06228096
54  12  0.07593085  0  0.06814991
54  13  0.08197977  0  0.07414857
54  14  0.08823515  0  0.08030583
54  15  0.09475010  0  0.08663821
54  16  0.10159154  0  0.09316302
54  17  0.10880162  0  0.09990130
54  18  0.96158049  0  0.00000000
54  19  0.00000000  0  0.96950109

55  0  0.00000000  0  0.01674012
55  1  0.01496356  0  0.01500000
55  2  0.02002010  0  0.02006632
55  3  0.02217047  0  0.02222493
55  4  0.02637279  0  0.02645955
55  5  0.03021797  0  0.03036026
55  6  0.03489727  0  0.03511612
55  7  0.03974251  0  0.04005038
55  8  0.04497315  0  0.04537274
55  9  0.05034829  0  0.05084036
55  10  0.05588146  0  0.05646954
55  11  0.06149851  0  0.06219280
55  12  0.06721674  0  0.06803216
55  13  0.07304285  0  0.07399455
55  14  0.07901322  0  0.08010777
55  15  0.08516491  0  0.08638707
55  16  0.09155060  0  0.09284815
55  17  0.09823040  0  0.09951006
55  18  0.97037893  0  0.00000000
55  19  0.00000000  0  0.96950109

56  0  0.01668984  0  0.00000000
56  1  0.01496251  0  0.01183706
56  2  0.02001757  0  0.01589390
56  3  0.02216699  0  0.01771521
56  4  0.02636688  0  0.02117315
56  5  0.03020895  0  0.02443415
56  6  0.03488312  0  0.02847678
56  7  0.03972110  0  0.03282444
56  8  0.04494124  0  0.03766414
56  9  0.05030216  0  0.04279439
56  10  0.05581655  0  0.04818417
56  11  0.06140968  0  0.05372872
56  12  0.06709805  0  0.05940014
56  13  0.07288754  0  0.06517791
56  14  0.07881339  0  0.07107591
56  15  0.08491133  0  0.07711176
56  16  0.09123236  0  0.08330660
56  17  0.09783463  0  0.08967582
56  18  0.97037893  0  0.00000000
56  19  0.00000000  0  0.97680347

57  0  0.00000000  0  0.01304948
57  1  0.01180150  0  0.01183706
57  2  0.01584972  0  0.01589334
57  3  0.01767173  0  0.01771348
57  4  0.02111964  0  0.02117017
57  5  0.02435762  0  0.02442952
57  6  0.02835307  0  0.02846938
57  7  0.03262984  0  0.03281297
57  8  0.03738046  0  0.03764654
57  9  0.04241156  0  0.04276804
57  10  0.04769708  0  0.04814565
57  11  0.05313095  0  0.05367398
57  12  0.05867979  0  0.05932439
57  13  0.06431678  0  0.06507573
57  14  0.07005263  0  0.07094109
57  15  0.07590831  0  0.07693722
57  16  0.08191912  0  0.08308409
57  17  0.08812854  0  0.08939575
57  18  0.97742956  0  0.00000000
57  19  0.00000000  0  0.97680347

58  0  0.01300759  0  0.00000000
58  1  0.01180100  0  0.00922737
58  2  0.01584849  0  0.01245802
58  3  0.01766999  0  0.01401275
58  4  0.02111665  0  0.01682804
58  5  0.02435298  0  0.01951850
58  6  0.02834566  0  0.02285801
58  7  0.03261836  0  0.02652647
58  8  0.03736282  0  0.03071804
58  9  0.04238510  0  0.03531256
58  10  0.04765835  0  0.04028875
58  11  0.05307584  0  0.04553630
58  12  0.05860348  0  0.05098480
58  13  0.06421379  0  0.05656978
58  14  0.06991670  0  0.06226650
58  15  0.07573224  0  0.06807161
58  16  0.08169452  0  0.07399991
58  17  0.08784558  0  0.08006966
58  18  0.97742956  0  0.00000000
58  19  0.00000000  0  0.98264342

59  0  0.00000000  0  0.01000622
59  1  0.00919776  0  0.00922737
59  2  0.01241896  0  0.01245776
59  3  0.01397208  0  0.01401191
59  4  0.01678397  0  0.01682657
59  5  0.01946974  0  0.01951617
59  6  0.02279233  0  0.02285424
59  7  0.02642484  0  0.02652051
59  8  0.03055678  0  0.03070869
59  9  0.03507091  0  0.03529815
59  10  0.03995296  0  0.04026695
59  11  0.04509887  0  0.04550411
59  12  0.05043988  0  0.05093851
59  13  0.05590801  0  0.05650499
59  14  0.06147267  0  0.06217817
59  15  0.06712583  0  0.06795401
59  16  0.07288250  0  0.07384648
59  17  0.07876981  0  0.07987290
59  18  0.98306785  0  0.00000000
59  19  0.00000000  0  0.98264342

60  0  0.00997601  0  0.00000000
60  1  0.00919753  0  0.00707546
60  2  0.01241838  0  0.00962468
60  3  0.01397124  0  0.01096221
60  4  0.01678249  0  0.01325763
60  5  0.01946740  0  0.01548333
60  6  0.02278855  0  0.01822106
60  7  0.02641887  0  0.02125085
60  8  0.03054741  0  0.02475534
60  9  0.03505647  0  0.02869112
60  10  0.03993109  0  0.03308310
60  11  0.04506653  0  0.03786414
60  12  0.05039330  0  0.04296540
60  13  0.05584277  0  0.04829780
60  14  0.06138366  0  0.05379380
60  15  0.06700727  0  0.05940934
60  16  0.07272775  0  0.06513015
60  17  0.07857124  0  0.07096143
60  18  0.98306785  0  0.00000000
60  19  0.00000000  0  0.98726614

61  0  0.00000000  0  0.00751391
61  1  0.00705411  0  0.00707546
61  2  0.00959467  0  0.00962456
61  3  0.01092727  0  0.01096182
61  4  0.01321764  0  0.01325693
61  5  0.01544098  0  0.01548219
61  6  0.01817460  0  0.01821918
61  7  0.02119313  0  0.02124783
61  8  0.02467057  0  0.02475051
61  9  0.02855785  0  0.02868353
61  10  0.03287933  0  0.03307132
61  11  0.03757291  0  0.03784619
61  12  0.04257630  0  0.04293862
61  13  0.04780417  0  0.04825886
61  14  0.05318787  0  0.05373866
61  15  0.05867865  0  0.05933333
61  16  0.06425702  0  0.06502794
61  17  0.06992603  0  0.07082697
61  18  0.98754265  0  0.00000000
61  19  0.00000000  0  0.98726614

62  0  0.00749383  0  0.00000000
62  1  0.00705401  0  0.00531314
62  2  0.00959441  0  0.00729798
62  3  0.01092688  0  0.00844672
62  4  0.01321693  0  0.01031488
62  5  0.01543984  0  0.01216363
62  6  0.01817271  0  0.01441257
62  7  0.02119010  0  0.01690616
62  8  0.02466574  0  0.01979152
62  9  0.02855025  0  0.02306575
62  10  0.03286753  0  0.02678930
62  11  0.03755491  0  0.03095527
62  12  0.04254941  0  0.03553903
62  13  0.04776500  0  0.04047258
62  14  0.05313236  0  0.04567626
62  15  0.05860207  0  0.05107230
62  16  0.06415399  0  0.05660516
62  17  0.06979043  0  0.06224579
62  18  0.98754265  0  0.00000000
62  19  0.00000000  0  0.99087093

63  0  0.00000000  0  0.00550120
63  1  0.00529894  0  0.00531314
63  2  0.00727724  0  0.00729793
63  3  0.00842056  0  0.00844655
63  4  0.01028226  0  0.01031456
63  5  0.01212609  0  0.01216309
63  6  0.01437143  0  0.01441166
63  7  0.01686173  0  0.01690467
63  8  0.01973915  0  0.01978909
63  9  0.02299369  0  0.02306187
63  10  0.02667879  0  0.02678315
63  11  0.03078467  0  0.03094567
63  12  0.03528913  0  0.03552429
63  13  0.04012993  0  0.04045038
63  14  0.04523244  0  0.04564364
63  15  0.05052001  0  0.05102560
63  16  0.05593412  0  0.05654005
63  17  0.06144077  0  0.06215733
63  18  0.99104443  0  0.00000000
63  19  0.00000000  0  0.99087093

64  0  0.00548806  0  0.00000000
64  1  0.00529890  0  0.00388993
64  2  0.00727714  0  0.00540799
64  3  0.00842039  0  0.00638315
64  4  0.01028194  0  0.00789316
64  5  0.01212555  0  0.00942694
64  6  0.01437052  0  0.01127677
64  7  0.01686023  0  0.01333486
64  8  0.01973671  0  0.01570770
64  9  0.02298979  0  0.01840348
64  10  0.02667263  0  0.02148788
64  11  0.03077505  0  0.02499186
64  12  0.03527435  0  0.02893934
64  13  0.04010766  0  0.03331373
64  14  0.04519965  0  0.03806710
64  15  0.05047301  0  0.04312526
64  16  0.05586854  0  0.04840947
64  17  0.06135161  0  0.05385345
64  18  0.99104443  0  0.00000000
64  19  0.00000000  0  0.99362323

65  0  0.00000000  0  0.00391296
65  1  0.00388064  0  0.00388993
65  2  0.00539431  0  0.00540797
65  3  0.00636534  0  0.00638308
65  4  0.00786955  0  0.00789303
65  5  0.00939737  0  0.00942670
65  6  0.01124160  0  0.01127635
65  7  0.01329550  0  0.01333414
65  8  0.01566492  0  0.01570651
65  9  0.01835491  0  0.01840154
65  10  0.02142508  0  0.02148475
65  11  0.02489939  0  0.02498689
65  12  0.02879699  0  0.02893154
65  13  0.03310124  0  0.03330166
65  14  0.03776840  0  0.03804878
65  15  0.04272958  0  0.04309806
65  16  0.04790894  0  0.04837010
65  17  0.05323917  0  0.05379794
65  18  0.99372719  0  0.00000000
65  19  0.00000000  0  0.99362323

66  0  0.00390414  0  0.00000000
66  1  0.00388063  0  0.00276688
66  2  0.00539427  0  0.00390146
66  3  0.00636527  0  0.00471050
66  4  0.00786942  0  0.00591565
66  5  0.00939713  0  0.00717787
66  6  0.01124118  0  0.00869375
66  7  0.01329478  0  0.01039275
66  8  0.01566372  0  0.01234818
66  9  0.01835296  0  0.01456870
66  10  0.02142195  0  0.01710718
66  11  0.02489441  0  0.02000264
66  12  0.02878917  0  0.02330171
66  13  0.03308914  0  0.02703126
66  14  0.03775002  0  0.03119322
66  15  0.04270225  0  0.03575409
66  16  0.04786934  0  0.04065189
66  17  0.05318328  0  0.04580998
66  18  0.99372719  0  0.00000000
66  19  0.00000000  0  0.99566620

67  0  0.00000000  0  0.00270029
67  1  0.00276064  0  0.00276688
67  2  0.00389240  0  0.00390146
67  3  0.00469880  0  0.00471048
67  4  0.00589978  0  0.00591559
67  5  0.00715697  0  0.00717777
67  6  0.00866700  0  0.00869356
67  7  0.01036026  0  0.01039243
67  8  0.01231088  0  0.01234762
67  9  0.01452762  0  0.01456775
67  10  0.01706141  0  0.01710563
67  11  0.01994657  0  0.02000013
67  12  0.02322317  0  0.02329769
67  13  0.02691234  0  0.02702493
67  14  0.03101377  0  0.03118337
67  15  0.03549616  0  0.03573901
67  16  0.04030228  0  0.04062930
67  17  0.04535943  0  0.04577694
67  18  0.99572483  0  0.00000000
67  19  0.00000000  0  0.99566620

68  0  0.00269442  0  0.00000000
68  1  0.00276064  0  0.00190939
68  2  0.00389239  0  0.00273379
68  3  0.00469877  0  0.00338208
68  4  0.00589972  0  0.00432492
68  5  0.00715686  0  0.00534709
68  6  0.00866681  0  0.00657703
68  7  0.01035993  0  0.00797177
68  8  0.01231031  0  0.00958072
68  9  0.01452667  0  0.01141197
68  10  0.01705985  0  0.01350339
68  11  0.01994405  0  0.01588745
68  12  0.02321915  0  0.01860924
68  13  0.02690600  0  0.02171161
68  14  0.03100389  0  0.02523023
68  15  0.03548105  0  0.02917832
68  16  0.04027960  0  0.03353863
68  17  0.04532622  0  0.03826237
68  18  0.99572483  0  0.00000000
68  19  0.00000000  0  0.99713193

69  0  0.00000000  0  0.00181075
69  1  0.00190524  0  0.00190939
69  2  0.00272773  0  0.00273378
69  3  0.00337430  0  0.00338207
69  4  0.00431446  0  0.00432490
69  5  0.00533316  0  0.00534705
69  6  0.00655848  0  0.00657695
69  7  0.00794778  0  0.00797163
69  8  0.00955096  0  0.00958047
69  9  0.01137699  0  0.01141153
69  10  0.01346417  0  0.01350265
69  11  0.01584397  0  0.01588621
69  12  0.01855807  0  0.01860723
69  13  0.02164364  0  0.02170837
69  14  0.02513028  0  0.02522511
69  15  0.02902735  0  0.02917030
69  16  0.03331776  0  0.03352627
69  17  0.03795623  0  0.03824368
69  18  0.99716278  0  0.00000000
69  19  0.00000000  0  0.99713193

70  0  0.00180724  0  0.00000000
70  1  0.00190524  0  0.00128039
70  2  0.00272772  0  0.00186073
70  3  0.00337429  0  0.00235790
70  4  0.00431444  0  0.00307506
70  5  0.00533312  0  0.00388222
70  6  0.00655841  0  0.00486291
70  7  0.00794763  0  0.00599363
70  8  0.00955071  0  0.00730764
70  9  0.01137655  0  0.00881284
70  10  0.01346343  0  0.01053585
70  11  0.01584273  0  0.01250089
70  12  0.01855605  0  0.01474268
70  13  0.02164040  0  0.01730030
70  14  0.02512514  0  0.02021735
70  15  0.02901931  0  0.02353253
70  16  0.03330537  0  0.02726914
70  17  0.03793749  0  0.03142385
70  18  0.99716278  0  0.00000000
70  19  0.00000000  0  0.99814661

71  0  0.00000000  0  0.00118453
71  1  0.00127791  0  0.00128039
71  2  0.00185689  0  0.00186073
71  3  0.00235270  0  0.00235789
71  4  0.00306809  0  0.00307505
71  5  0.00387300  0  0.00388220
71  6  0.00485060  0  0.00486288
71  7  0.00597724  0  0.00599357
71  8  0.00728621  0  0.00730753
71  9  0.00878581  0  0.00881264
71  10  0.01050338  0  0.01053551
71  11  0.01246374  0  0.01250030
71  12  0.01470129  0  0.01474170
71  13  0.01725281  0  0.01729869
71  14  0.02015730  0  0.02021475
71  15  0.02344760  0  0.02352838
71  16  0.02714215  0  0.02726262
71  17  0.03123594  0  0.03141374
71  18  0.99816206  0  0.00000000
71  19  0.00000000  0  0.99814661

72  0  0.00118286  0  0.00000000
72  1  0.00127791  0  0.00083759
72  2  0.00185689  0  0.00123339
72  3  0.00235270  0  0.00159714
72  4  0.00306808  0  0.00212391
72  5  0.00387298  0  0.00274004
72  6  0.00485057  0  0.00350196
72  7  0.00597719  0  0.00439995
72  8  0.00728610  0  0.00545759
72  9  0.00878561  0  0.00668292
72  10  0.01050304  0  0.00809514
72  11  0.01246316  0  0.00971236
72  12  0.01470031  0  0.01155973
72  13  0.01725120  0  0.01366703
72  14  0.02015470  0  0.01607113
72  15  0.02344345  0  0.01881331
72  16  0.02713562  0  0.02193423
72  17  0.03122581  0  0.02546405
72  18  0.99816206  0  0.00000000
72  19  0.00000000  0  0.99882687

73  0  0.00000000  0  0.00075905
73  1  0.00083641  0  0.00083759
73  2  0.00123131  0  0.00123339
73  3  0.00159391  0  0.00159714
73  4  0.00211934  0  0.00212391
73  5  0.00273389  0  0.00274003
73  6  0.00349379  0  0.00350195
73  7  0.00438908  0  0.00439993
73  8  0.00544310  0  0.00545755
73  9  0.00666386  0  0.00668284
73  10  0.00807076  0  0.00809499
73  11  0.00968248  0  0.00971209
73  12  0.01152484  0  0.01155927
73  13  0.01362772  0  0.01366625
73  14  0.01602659  0  0.01606985
73  15  0.01875921  0  0.01881122
73  16  0.02186101  0  0.02193089
73  17  0.02535683  0  0.02545877
73  18  0.99883468  0  0.00000000
73  19  0.00000000  0  0.99882687

74  0  0.00075850  0  0.00000000
74  1  0.00083641  0  0.00053673
74  2  0.00123131  0  0.00079929
74  3  0.00159391  0  0.00105423
74  4  0.00211934  0  0.00142690
74  5  0.00273388  0  0.00187907
74  6  0.00349378  0  0.00245140
74  7  0.00438905  0  0.00314416
74  8  0.00544306  0  0.00397637
74  9  0.00666377  0  0.00495702
74  10  0.00807061  0  0.00610103
74  11  0.00968221  0  0.00742258
74  12  0.01152438  0  0.00894018
74  13  0.01362694  0  0.01067571
74  14  0.01602530  0  0.01265668
74  15  0.01875712  0  0.01491654
74  16  0.02185766  0  0.01749432
74  17  0.02535153  0  0.02043069
74  18  0.99883468  0  0.00000000
74  19  0.00000000  0  0.99927161

75  0  0.00000000  0  0.00047743
75  1  0.00053634  0  0.00053673
75  2  0.00079841  0  0.00079929
75  3  0.00105254  0  0.00105423
75  4  0.00142419  0  0.00142690
75  5  0.00187512  0  0.00187907
75  6  0.00244599  0  0.00245140
75  7  0.00313693  0  0.00314415
75  8  0.00396675  0  0.00397635
75  9  0.00494422  0  0.00495699
75  10  0.00608411  0  0.00610097
75  11  0.00740070  0  0.00742246
75  12  0.00891291  0  0.00893997
75  13  0.01064323  0  0.01067535
75  14  0.01261953  0  0.01265607
75  15  0.01487454  0  0.01491553
75  16  0.01744477  0  0.01749265
75  17  0.02036648  0  0.02042801
75  18  0.99927589  0  0.00000000
75  19  0.00000000  0  0.99927161

76  0  0.00047734  0  0.00000000
76  1  0.00053634  0  0.00033759
76  2  0.00079841  0  0.00050795
76  3  0.00105254  0  0.00068079
76  4  0.00142419  0  0.00093549
76  5  0.00187512  0  0.00125448
76  6  0.00244598  0  0.00166838
76  7  0.00313692  0  0.00218406
76  8  0.00396674  0  0.00281913
76  9  0.00494419  0  0.00358448
76  10  0.00608405  0  0.00449350
76  11  0.00740058  0  0.00555849
76  12  0.00891270  0  0.00679392
76  13  0.01064287  0  0.00821633
76  14  0.01261891  0  0.00984597
76  15  0.01487352  0  0.01170767
76  16  0.01744310  0  0.01383201
76  17  0.02036379  0  0.01625524
76  18  0.99927589  0  0.00000000
76  19  0.00000000  0  0.99955692

77  0  0.00000000  0  0.00029439
77  1  0.00033753  0  0.00033759
77  2  0.00050770  0  0.00050795
77  3  0.00068012  0  0.00068079
77  4  0.00093416  0  0.00093549
77  5  0.00125223  0  0.00125448
77  6  0.00166499  0  0.00166838
77  7  0.00217932  0  0.00218406
77  8  0.00281275  0  0.00281913
77  9  0.00357598  0  0.00358447
77  10  0.00448219  0  0.00449348
77  11  0.00554350  0  0.00555844
77  12  0.00677437  0  0.00679384
77  13  0.00819161  0  0.00821617
77  14  0.00981598  0  0.00984569
77  15  0.01167278  0  0.01170719
77  16  0.01379236  0  0.01383121
77  17  0.01620931  0  0.01625392
77  18  0.99955946  0  0.00000000
77  19  0.00000000  0  0.99955692

78  0  0.00029440  0  0.00000000
78  1  0.00033753  0  0.00020817
78  2  0.00050770  0  0.00031673
78  3  0.00068012  0  0.00043127
78  4  0.00093416  0  0.00060062
78  5  0.00125223  0  0.00081811
78  6  0.00166499  0  0.00110654
78  7  0.00217932  0  0.00147601
78  8  0.00281274  0  0.00194340
78  9  0.00357597  0  0.00252167
78  10  0.00448217  0  0.00322459
78  11  0.00554345  0  0.00406447
78  12  0.00677429  0  0.00505409
78  13  0.00819145  0  0.00620695
78  14  0.00981570  0  0.00753862
78  15  0.01167230  0  0.00906761
78  16  0.01379156  0  0.01081656
78  17  0.01620798  0  0.01281329
78  18  0.99955946  0  0.00000000
78  19  0.00000000  0  0.99973691

79  0  0.00000000  0  0.00017725
79  1  0.00020817  0  0.00020817
79  2  0.00031670  0  0.00031673
79  3  0.00043110  0  0.00043127
79  4  0.00060013  0  0.00060062
79  5  0.00081707  0  0.00081811
79  6  0.00110470  0  0.00110654
79  7  0.00147314  0  0.00147601
79  8  0.00193928  0  0.00194340
79  9  0.00251604  0  0.00252166
79  10  0.00321707  0  0.00322458
79  11  0.00405446  0  0.00406445
79  12  0.00504082  0  0.00505406
79  13  0.00618954  0  0.00620689
79  14  0.00751634  0  0.00753850
79  15  0.00904013  0  0.00906739
79  16  0.01078403  0  0.01081619
79  17  0.01277595  0  0.01281265
79  18  0.99973842  0  0.00000000
79  19  0.00000000  0  0.99973691

