1,000 0,000 0,000 0,000 0,000 0,000 0,000
1,000 0,000 0,000 0,000 0,000 0,000 0,000
0,000 0,250 0,250 0,250 0,250 0,000 0,000
1,000 0,000 0,000 0,000 0,000 0,000 0,000
0,250 0,188 0,188 0,188 0,188 0,000 0,000
0,000 0,250 0,250 0,250 0,250 0,000 0,000
0,000 0,063 0,109 0,156 0,203 0,469 0,000
0,035 0,250 0,246 0,239 0,229 0,000 0,000
0,347 0,062 0,102 0,135 0,164 0,190 0,000
0,000 0,009 0,071 0,133 0,193 0,000 0,594
0,000 0,087 0,102 0,128 0,161 0,522 0,000
0,219 0,009 0,070 0,127 0,177 0,000 0,398
0,199 0,082 0,096 0,118 0,144 0,361 0,000
0,000 0,055 0,057 0,074 0,106 0,000 0,708
0,000 0,050 0,070 0,094 0,124 0,662 0,000
0,180 0,055 0,056 0,072 0,100 0,000 0,536
0,154 0,047 0,066 0,087 0,113 0,532 0,000
0,000 0,045 0,059 0,073 0,091 0,000 0,733
0,000 0,039 0,050 0,067 0,089 0,755 0,000
0,133 0,045 0,058 0,071 0,087 0,000 0,605
0,151 0,037 0,048 0,063 0,082 0,618 0,000
0,000 0,033 0,045 0,059 0,077 0,000 0,786
0,000 0,038 0,047 0,059 0,075 0,781 0,000
0,124 0,033 0,044 0,058 0,074 0,000 0,667
0,126 0,037 0,045 0,056 0,070 0,666 0,000
0,000 0,031 0,039 0,050 0,065 0,000 0,814
0,000 0,032 0,041 0,052 0,066 0,810 0,000
0,112 0,031 0,039 0,049 0,063 0,000 0,706
0,111 0,031 0,039 0,050 0,062 0,707 0,000
0,000 0,028 0,036 0,045 0,058 0,000 0,833
0,000 0,028 0,036 0,045 0,058 0,833 0,000
0,100 0,028 0,035 0,045 0,056 0,000 0,736
0,102 0,027 0,034 0,044 0,055 0,738 0,000
0,000 0,025 0,032 0,041 0,052 0,000 0,850
0,000 0,026 0,032 0,041 0,052 0,849 0,000
0,091 0,025 0,032 0,040 0,051 0,000 0,761
0,093 0,025 0,031 0,039 0,049 0,762 0,000
0,000 0,023 0,029 0,037 0,047 0,000 0,864
0,000 0,023 0,029 0,037 0,047 0,863 0,000
0,084 0,023 0,029 0,037 0,046 0,000 0,781
0,085 0,023 0,029 0,036 0,045 0,782 0,000
0,000 0,021 0,027 0,034 0,043 0,000 0,875
0,000 0,021 0,027 0,034 0,043 0,874 0,000
0,078 0,021 0,027 0,034 0,042 0,000 0,798
0,079 0,021 0,026 0,033 0,041 0,799 0,000
0,000 0,020 0,025 0,031 0,040 0,000 0,884
0,000 0,020 0,025 0,032 0,040 0,884 0,000
0,073 0,020 0,025 0,031 0,039 0,000 0,813
0,074 0,019 0,024 0,031 0,038 0,813 0,000
0,000 0,018 0,023 0,029 0,037 0,000 0,892
0,000 0,018 0,023 0,029 0,037 0,892 0,000
0,068 0,018 0,023 0,029 0,036 0,000 0,825
0,069 0,018 0,023 0,029 0,036 0,826 0,000
0,000 0,017 0,022 0,027 0,035 0,000 0,899
0,000 0,017 0,022 0,027 0,035 0,899 0,000
0,064 0,017 0,022 0,027 0,034 0,000 0,836
0,065 0,017 0,021 0,027 0,034 0,836 0,000
0,000 0,016 0,020 0,026 0,033 0,000 0,905
0,000 0,016 0,020 0,026 0,033 0,905 0,000
0,061 0,016 0,020 0,026 0,032 0,000 0,845
0,061 0,016 0,020 0,025 0,032 0,846 0,000
0,000 0,015 0,019 0,024 0,031 0,000 0,911
0,000 0,015 0,019 0,024 0,031 0,910 0,000
0,058 0,015 0,019 0,024 0,030 0,000 0,854
0,058 0,015 0,019 0,024 0,030 0,854 0,000
0,000 0,014 0,018 0,023 0,029 0,000 0,915
0,000 0,015 0,018 0,023 0,029 0,915 0,000
0,055 0,014 0,018 0,023 0,029 0,000 0,861
0,055 0,014 0,018 0,023 0,028 0,862 0,000
0,000 0,014 0,017 0,022 0,028 0,000 0,920
0,000 0,014 0,017 0,022 0,028 0,919 0,000
0,052 0,014 0,017 0,022 0,027 0,000 0,868
0,053 0,014 0,017 0,021 0,027 0,868 0,000
0,000 0,013 0,016 0,021 0,026 0,000 0,924
0,000 0,013 0,017 0,021 0,026 0,923 0,000
0,050 0,013 0,016 0,021 0,026 0,000 0,874
0,050 0,013 0,016 0,020 0,026 0,875 0,000
0,000 0,012 0,016 0,020 0,025 0,000 0,927
0,000 0,013 0,016 0,020 0,025 0,927 0,000
0,048 0,012 0,016 0,020 0,025 0,000 0,880
0,048 0,012 0,016 0,019 0,024 0,880 0,000
0,000 0,012 0,015 0,019 0,024 0,000 0,930
0,000 0,012 0,015 0,019 0,024 0,930 0,000
0,046 0,012 0,015 0,019 0,024 0,000 0,885
0,046 0,012 0,015 0,019 0,023 0,885 0,000
0,000 0,011 0,014 0,018 0,023 0,000 0,933
0,000 0,012 0,014 0,018 0,023 0,933 0,000
0,044 0,011 0,014 0,018 0,023 0,000 0,890
0,044 0,011 0,014 0,018 0,022 0,890 0,000
0,000 0,011 0,014 0,017 0,022 0,000 0,936
0,000 0,011 0,014 0,017 0,022 0,936 0,000
0,042 0,011 0,014 0,017 0,022 0,000 0,894
0,043 0,011 0,014 0,017 0,021 0,894 0,000
0,000 0,011 0,013 0,017 0,021 0,000 0,938
0,000 0,011 0,013 0,017 0,021 0,938 0,000
0,041 0,011 0,013 0,017 0,021 0,000 0,898
0,041 0,011 0,013 0,017 0,021 0,898 0,000
0,000 0,010 0,013 0,016 0,020 0,000 0,941
0,000 0,010 0,013 0,016 0,020 0,940 0,000
0,039 0,010 0,013 0,016 0,020 0,000 0,901
0,040 0,010 0,013 0,016 0,020 0,902 0,000
0,000 0,010 0,012 0,016 0,020 0,000 0,943
0,000 0,010 0,012 0,016 0,020 0,942 0,000
0,038 0,010 0,012 0,015 0,019 0,000 0,905
0,038 0,010 0,012 0,015 0,019 0,905 0,000
0,000 0,010 0,012 0,015 0,019 0,000 0,945
0,000 0,010 0,012 0,015 0,019 0,944 0,000
0,037 0,010 0,012 0,015 0,019 0,000 0,908
0,037 0,009 0,012 0,015 0,019 0,908 0,000
0,000 0,009 0,012 0,015 0,018 0,000 0,946
0,000 0,009 0,012 0,015 0,018 0,946 0,000
0,036 0,009 0,012 0,014 0,018 0,000 0,911
0,036 0,009 0,011 0,014 0,018 0,911 0,000
0,000 0,009 0,011 0,014 0,018 0,000 0,948
0,000 0,009 0,011 0,014 0,018 0,948 0,000
0,035 0,009 0,011 0,014 0,018 0,000 0,914
0,035 0,009 0,011 0,014 0,017 0,914 0,000
0,000 0,009 0,011 0,014 0,017 0,000 0,950
0,000 0,009 0,011 0,014 0,017 0,950 0,000
0,033 0,009 0,011 0,014 0,017 0,000 0,916
0,034 0,009 0,011 0,013 0,017 0,917 0,000
0,000 0,008 0,011 0,013 0,017 0,000 0,951
0,000 0,008 0,011 0,013 0,017 0,951 0,000
0,033 0,008 0,011 0,013 0,017 0,000 0,919
0,033 0,008 0,010 0,013 0,016 0,919 0,000
0,000 0,008 0,010 0,013 0,016 0,000 0,953
0,000 0,008 0,010 0,013 0,016 0,953 0,000
0,032 0,008 0,010 0,013 0,016 0,000 0,921
0,032 0,008 0,010 0,013 0,016 0,921 0,000
0,000 0,008 0,010 0,012 0,016 0,000 0,954
0,000 0,008 0,010 0,013 0,016 0,954 0,000
0,031 0,008 0,010 0,012 0,016 0,000 0,923
0,031 0,008 0,010 0,012 0,015 0,924 0,000
0,000 0,008 0,010 0,012 0,015 0,000 0,955
0,000 0,008 0,010 0,012 0,015 0,955 0,000
0,030 0,008 0,010 0,012 0,015 0,000 0,925
0,030 0,008 0,010 0,012 0,015 0,926 0,000
0,000 0,007 0,009 0,012 0,015 0,000 0,956
0,000 0,008 0,009 0,012 0,015 0,956 0,000
0,029 0,007 0,009 0,012 0,015 0,000 0,927
0,029 0,007 0,009 0,012 0,015 0,928 0,000
0,000 0,007 0,009 0,012 0,014 0,000 0,958
0,000 0,007 0,009 0,012 0,014 0,957 0,000
0,028 0,007 0,009 0,011 0,014 0,000 0,929
0,029 0,007 0,009 0,011 0,014 0,929 0,000
0,000 0,007 0,009 0,011 0,014 0,000 0,959
0,000 0,007 0,009 0,011 0,014 0,959 0,000
0,028 0,007 0,009 0,011 0,014 0,000 0,931
0,028 0,007 0,009 0,011 0,014 0,931 0,000
0,000 0,007 0,009 0,011 0,014 0,000 0,960
0,000 0,007 0,009 0,011 0,014 0,960 0,000
0,027 0,007 0,009 0,011 0,014 0,000 0,933
0,027 0,007 0,009 0,011 0,014 0,933 0,000
0,000 0,007 0,009 0,011 0,013 0,000 0,961
0,000 0,007 0,009 0,011 0,013 0,961 0,000
0,026 0,007 0,008 0,011 0,013 0,000 0,934
0,027 0,007 0,008 0,011 0,013 0,934 0,000
0,000 0,007 0,008 0,010 0,013 0,000 0,962
0,000 0,007 0,008 0,010 0,013 0,961 0,000
0,026 0,007 0,008 0,010 0,013 0,000 0,936
0,026 0,007 0,008 0,010 0,013 0,936 0,000
0,000 0,006 0,008 0,010 0,013 0,000 0,962
0,000 0,006 0,008 0,010 0,013 0,962 0,000
0,025 0,006 0,008 0,010 0,013 0,000 0,937
0,025 0,006 0,008 0,010 0,013 0,937 0,000
0,000 0,006 0,008 0,010 0,013 0,000 0,963
0,000 0,006 0,008 0,010 0,013 0,963 0,000
0,025 0,006 0,008 0,010 0,012 0,000 0,939
0,025 0,006 0,008 0,010 0,012 0,939 0,000
0,000 0,006 0,008 0,010 0,012 0,000 0,964
0,000 0,006 0,008 0,010 0,012 0,964 0,000
0,024 0,006 0,008 0,010 0,012 0,000 0,940
0,024 0,006 0,008 0,010 0,012 0,940 0,000
0,000 0,006 0,008 0,010 0,012 0,000 0,965
0,000 0,006 0,008 0,010 0,012 0,965 0,000
0,024 0,006 0,008 0,010 0,012 0,000 0,941
0,024 0,006 0,008 0,009 0,012 0,941 0,000
0,000 0,006 0,007 0,009 0,012 0,000 0,966
0,000 0,006 0,007 0,009 0,012 0,966 0,000
0,023 0,006 0,007 0,009 0,012 0,000 0,942
0,023 0,006 0,007 0,009 0,012 0,942 0,000
0,000 0,006 0,007 0,009 0,011 0,000 0,966
0,000 0,006 0,007 0,009 0,011 0,966 0,000
0,023 0,006 0,007 0,009 0,011 0,000 0,944
0,023 0,006 0,007 0,009 0,011 0,944 0,000
0,000 0,006 0,007 0,009 0,011 0,000 0,967
0,000 0,006 0,007 0,009 0,011 0,967 0,000
0,022 0,006 0,007 0,009 0,011 0,000 0,945
0,022 0,006 0,007 0,009 0,011 0,945 0,000
0,000 0,006 0,007 0,009 0,011 0,000 0,968
0,000 0,006 0,007 0,009 0,011 0,968 0,000
0,022 0,006 0,007 0,009 0,011 0,000 0,946
0,022 0,006 0,007 0,009 0,011 0,946 0,000
0,000 0,005 0,007 0,009 0,011 0,000 0,968
0,000 0,005 0,007 0,009 0,011 0,968 0,000
0,021 0,005 0,007 0,009 0,011 0,000 0,947
0,022 0,005 0,007 0,009 0,011 0,947 0,000
0,000 0,005 0,007 0,008 0,011 0,000 0,969
0,000 0,005 0,007 0,008 0,011 0,969 0,000
0,021 0,005 0,007 0,008 0,011 0,000 0,948

